Beyond BLAST Run Parameters
==========================
Timestamp: 20260515_161152

ℓ array length: 22
n_chi: 6
x_min: 26
x_max: 7000
nR: 3
kmax: 15.384615384615385
kmin: 0.00035714285714285714
n_cheb: 50
β: 2
k': [15.38461538461538, 15.223493695902842, 14.750795482858763, 13.997292443910219, 13.010380085647308, 11.84891554531402, 10.577186699110534, 9.258897594201542, 7.951958203818858, 6.704639050550744, 5.5533577900773095, 4.522074907233347, 3.6230455640589345, 2.858536198083353, 2.223072728547726, 1.7058256624791832, 1.2928273812466677, 0.9688276063773568, 0.7186989548144348, 0.5283891971770558, 0.38547346374975583, 0.27938893270679915, 0.2014418659484846, 0.14466942026406884, 0.1036233483447968, 0.07412493166611009, 0.05302381733721876, 0.037979729817650736, 0.027275886611925183, 0.019666152990646973, 0.014253913722249004, 0.010398595436583785, 0.0076450723320227315, 0.0056712932810105985, 0.004249991587590875, 0.0032210240561863705, 0.0024715815294513123, 0.0019221395545697669, 0.001516543305171672, 0.001215040795922395, 0.0009894023944077635, 0.0008195080231879391, 0.0006909625721959651, 0.0005934297726703963, 0.0005194675721255387, 0.00046371378659023726, 0.00042231706209466374, 0.00039254059429871926, 0.0003724887583785169, 0.00036092276873239996, 0.000357142857142857]
k'': [15.38461538461538, 15.223493695902842, 14.750795482858763, 13.997292443910219, 13.010380085647308, 11.84891554531402, 10.577186699110534, 9.258897594201542, 7.951958203818858, 6.704639050550744, 5.5533577900773095, 4.522074907233347, 3.6230455640589345, 2.858536198083353, 2.223072728547726, 1.7058256624791832, 1.2928273812466677, 0.9688276063773568, 0.7186989548144348, 0.5283891971770558, 0.38547346374975583, 0.27938893270679915, 0.2014418659484846, 0.14466942026406884, 0.1036233483447968, 0.07412493166611009, 0.05302381733721876, 0.037979729817650736, 0.027275886611925183, 0.019666152990646973, 0.014253913722249004, 0.010398595436583785, 0.0076450723320227315, 0.0056712932810105985, 0.004249991587590875, 0.0032210240561863705, 0.0024715815294513123, 0.0019221395545697669, 0.001516543305171672, 0.001215040795922395, 0.0009894023944077635, 0.0008195080231879391, 0.0006909625721959651, 0.0005934297726703963, 0.0005194675721255387, 0.00046371378659023726, 0.00042231706209466374, 0.00039254059429871926, 0.0003724887583785169, 0.00036092276873239996, 0.000357142857142857]
N: 1025

Computation Time:
================
T̃ computation time: 176.075933 seconds (2.9345988833333334 minutes)
