Beyond BLAST Run Parameters
==========================
Timestamp: 20260515_162238

ℓ array length: 22
n_chi: 6
x_min: 26
x_max: 7000
nR: 3
kmax: 15.384615384615385
kmin: 0.00035714285714285714
n_cheb: 119
β: 2
k': [15.38461538461538, 15.356039594228871, 15.27065007923984, 15.129453403135239, 14.934104034308017, 14.686870375607349, 14.390588646404149, 14.048605987924173, 13.664714458351344, 13.243077814796703, 12.788153137183786, 12.304609430437988, 11.797245345706346, 11.270908091754265, 10.730415470437974, 10.180482774167983, 9.625656039596429, 9.070252872839447, 8.51831176055814, 7.973550471369335, 7.439333845908115, 6.918650982805997, 6.414101561633176, 5.927890810280369, 5.461832428983728, 5.017358629691964, 4.59553633907935, 4.197088545605977, 3.822419743303691, 3.4716444337144585, 3.144617687875092, 2.8409668369798746, 2.560123447558824, 2.301354838841828, 2.06379451082141, 1.8464709662103795, 1.6483345234556426, 1.4682818273741711, 1.3051778657533486, 1.1578753921211185, 1.0252317353086418, 0.9061230445596723, 0.7994560745548263, 0.7041776580951064, 0.6192820460158609, 0.5438163151727835, 0.4768840572561577, 0.41764756506723827, 0.36532873009318445, 0.31920885708413366, 0.2786275891379236, 0.2429811216971619, 0.2117198668917514, 0.18434571170543135, 0.16040899524660138, 0.13950531255590728, 0.12127223534312367, 0.10538602414694771, 0.09155839187716874, 0.07953336565960521, 0.06908428241326328, 0.06001094363776845, 0.052136946421321446, 0.04530720060498194, 0.03938563624452332, 0.03425310086917906, 0.029805442414007635, 0.025951770965899654, 0.022612890483539427, 0.019719890307724162, 0.017212885459056422, 0.015039894325048013, 0.01315584227965251, 0.011521679978398062, 0.010103605466047393, 0.008872379765979486, 0.0078027262457727705, 0.006872804734850615, 0.006063752078146886, 0.005359281521705327, 0.0047453340246225145, 0.004209775264104765, 0.0037421327377807952, 0.003333367964038362, 0.002975679333741267, 0.0026623316738635106, 0.0023875090454415263, 0.002146187715965305, 0.0019340266218476872, 0.001747272972384215, 0.0015826809454177564, 0.0014374416896864987, 0.0013091230825372537, 0.001195617897258591, 0.0010950992145528215, 0.0010059820702935484, 0.0009268904691997219, 0.0008566290136987596, 0.0007941585011529357, 0.0007385749326907339, 0.0006890914548336575, 0.0006450228224736256, 0.0006057720299021209, 0.0005708188067289243, 0.0005397097187225037, 0.0005120496507933649, 0.0004874944813475358, 0.0004657447847776801, 0.000446540422560158, 0.00042965590383252903, 0.00041489641391115225, 0.0004020944243842192, 0.0003911068115390544, 0.00038181242126453463, 0.00037411002848033754, 0.0003679166478205187, 0.00036316615994645766, 0.0003598082246659016, 0.0003578074581528458, 0.000357142857142857]
k'': [15.38461538461538, 15.356039594228871, 15.27065007923984, 15.129453403135239, 14.934104034308017, 14.686870375607349, 14.390588646404149, 14.048605987924173, 13.664714458351344, 13.243077814796703, 12.788153137183786, 12.304609430437988, 11.797245345706346, 11.270908091754265, 10.730415470437974, 10.180482774167983, 9.625656039596429, 9.070252872839447, 8.51831176055814, 7.973550471369335, 7.439333845908115, 6.918650982805997, 6.414101561633176, 5.927890810280369, 5.461832428983728, 5.017358629691964, 4.59553633907935, 4.197088545605977, 3.822419743303691, 3.4716444337144585, 3.144617687875092, 2.8409668369798746, 2.560123447558824, 2.301354838841828, 2.06379451082141, 1.8464709662103795, 1.6483345234556426, 1.4682818273741711, 1.3051778657533486, 1.1578753921211185, 1.0252317353086418, 0.9061230445596723, 0.7994560745548263, 0.7041776580951064, 0.6192820460158609, 0.5438163151727835, 0.4768840572561577, 0.41764756506723827, 0.36532873009318445, 0.31920885708413366, 0.2786275891379236, 0.2429811216971619, 0.2117198668917514, 0.18434571170543135, 0.16040899524660138, 0.13950531255590728, 0.12127223534312367, 0.10538602414694771, 0.09155839187716874, 0.07953336565960521, 0.06908428241326328, 0.06001094363776845, 0.052136946421321446, 0.04530720060498194, 0.03938563624452332, 0.03425310086917906, 0.029805442414007635, 0.025951770965899654, 0.022612890483539427, 0.019719890307724162, 0.017212885459056422, 0.015039894325048013, 0.01315584227965251, 0.011521679978398062, 0.010103605466047393, 0.008872379765979486, 0.0078027262457727705, 0.006872804734850615, 0.006063752078146886, 0.005359281521705327, 0.0047453340246225145, 0.004209775264104765, 0.0037421327377807952, 0.003333367964038362, 0.002975679333741267, 0.0026623316738635106, 0.0023875090454415263, 0.002146187715965305, 0.0019340266218476872, 0.001747272972384215, 0.0015826809454177564, 0.0014374416896864987, 0.0013091230825372537, 0.001195617897258591, 0.0010950992145528215, 0.0010059820702935484, 0.0009268904691997219, 0.0008566290136987596, 0.0007941585011529357, 0.0007385749326907339, 0.0006890914548336575, 0.0006450228224736256, 0.0006057720299021209, 0.0005708188067289243, 0.0005397097187225037, 0.0005120496507933649, 0.0004874944813475358, 0.0004657447847776801, 0.000446540422560158, 0.00042965590383252903, 0.00041489641391115225, 0.0004020944243842192, 0.0003911068115390544, 0.00038181242126453463, 0.00037411002848033754, 0.0003679166478205187, 0.00036316615994645766, 0.0003598082246659016, 0.0003578074581528458, 0.000357142857142857]
N: 1025

Computation Time:
================
T̃ computation time: 6465.383530375 seconds (107.75639217291668 minutes)
