Beyond BLAST Run Parameters
==========================
Timestamp: 20260515_183143

ℓ array length: 22
n_chi: 6
x_min: 26
x_max: 7000
nR: 3
kmax: 15.384615384615385
kmin: 0.00035714285714285714
n_cheb: 59
β: 2
k': [15.38461538461538, 15.268718060532793, 14.92655832809319, 14.374272167780097, 13.637272955177261, 12.748218108831406, 11.744504850909822, 10.665572356642604, 9.550288240187836, 8.434660763038494, 7.350053712838118, 6.3220016075874925, 5.369642506170878, 4.5057161125612675, 3.7370241452922226, 3.0652216676664694, 2.487801537234478, 1.9991454146836223, 1.5915381503498929, 1.2560717277253128, 0.9833948990468048, 0.7642912129425063, 0.5900889583934357, 0.45292079441376776, 0.3458588282681732, 0.26295371054353744, 0.19920532682902983, 0.15048928888777938, 0.11345887510081781, 0.08543725978687804, 0.06431041337481389, 0.048427286888074315, 0.0365109406464322, 0.027582121331630922, 0.0208953335670681, 0.01588655556956075, 0.012131272315763804, 0.00931131724522474, 0.007189020888192285, 0.005587282890964014, 0.0043743564744155045, 0.0034523240886795876, 0.0027484271299869586, 0.0022085787038355837, 0.001792531206621813, 0.001470289000253663, 0.0012194522151956334, 0.001023253501176496, 0.0008691085253618309, 0.0007475463049893647, 0.0006514198553880139, 0.0005753235249366075, 0.0005151627414616401, 0.00046783628294724133, 0.00043100184257901456, 0.00040290353596094547, 0.00038224582297957416, 0.00036810263784413773, 0.0003598537527985344, 0.000357142857142857]
k'': [15.38461538461538, 15.268718060532793, 14.92655832809319, 14.374272167780097, 13.637272955177261, 12.748218108831406, 11.744504850909822, 10.665572356642604, 9.550288240187836, 8.434660763038494, 7.350053712838118, 6.3220016075874925, 5.369642506170878, 4.5057161125612675, 3.7370241452922226, 3.0652216676664694, 2.487801537234478, 1.9991454146836223, 1.5915381503498929, 1.2560717277253128, 0.9833948990468048, 0.7642912129425063, 0.5900889583934357, 0.45292079441376776, 0.3458588282681732, 0.26295371054353744, 0.19920532682902983, 0.15048928888777938, 0.11345887510081781, 0.08543725978687804, 0.06431041337481389, 0.048427286888074315, 0.0365109406464322, 0.027582121331630922, 0.0208953335670681, 0.01588655556956075, 0.012131272315763804, 0.00931131724522474, 0.007189020888192285, 0.005587282890964014, 0.0043743564744155045, 0.0034523240886795876, 0.0027484271299869586, 0.0022085787038355837, 0.001792531206621813, 0.001470289000253663, 0.0012194522151956334, 0.001023253501176496, 0.0008691085253618309, 0.0007475463049893647, 0.0006514198553880139, 0.0005753235249366075, 0.0005151627414616401, 0.00046783628294724133, 0.00043100184257901456, 0.00040290353596094547, 0.00038224582297957416, 0.00036810263784413773, 0.0003598537527985344, 0.000357142857142857]
N: 1025

Computation Time:
================
T̃ computation time: 243.8980985 seconds (4.0649683083333334 minutes)
