------------------------ 
IMPORTED REDSHIFT
Redshift array z_b taken from background has dimensions: (1024,)
MIN = 0.0 || MAX = 100.0 
------------------------ 
IMPORTED COMOVING DISTANCE
Comoving distance array χ_b taken from background has dimensions: (1024,)
MIN = 0.0 || MAX = 12830.219503765933 
------------------------ 
INTERPOLATED QUANTITIES
Redshift interpolated array z_of_χ has dimensions: (1024,)
MIN = 0.0 || MAX = 100.0 
Comoving distance interpolated array χ_of_z has dimensions: (1024,)
MIN = 0.0 || MAX = 12830.219503765933 
------------------------ 
z_b = z_of_χ(χ_b) and x_b = χ_of_z(z_b), up to numerical precision.
------------------------ 
N5K QUANTITIES
n5k_bins has columns: ["dNdz_cl", "z_sh", "dNdz_sh", "z_cl"]
------------------------ 
dN/dz
numerical density N5K dN/dz (for clustering) has dimensions: (2000, 10)
MIN = 0.0 || MAX = 5.137721324028306 
------------------------ 
REDSHIFT z
redshift N5K z (for clustering) has dimensions: (2000,)
MIN = 0.005833332 || MAX = 3.494166 
------------------------ 
There are 2000 redshift values for each of the 10 bins.
------------------------ 
------------------------ 
N5K dN/dz normalization
The N5K dN/dz values for each bin are normalized such that the integral over redshift is 1.
The norms used for normalization are: 
[0.37804725052001353, 0.5353196409469498, 0.6484833806938799, 0.7150456382655601, 0.7410510014272006, 0.7356606378199678, 0.7072880063228261, 0.6638952384727729, 0.6109058329017856, 0.5534434638445138]
------------------------ 
The normalized N5K dN/dz values for each bin have dimensions: 
(2000, 10)
MIN = 0.0 || MAX = 8.212653984189798 
------------------------ 
REDSHIFT ARRAY
Redshift z_array is a vector or dimension: (2000,)
MIN = 0.005833332 || MAX = 3.494166
------------------------ 
COMOVING DISTANCE ARRAY
Comoving distance chi_array is a vector or dimension: (2000,)
MIN = 25.97289945692804 || MAX = 6955.741691137702
------------------------ 
Values of normalized N5K dN/dz (clustering) for the first bin are: 
[2.517879167649696e-7, 3.2958818872645264e-7, 4.304517286425635e-7, 5.609108316169329e-7, 7.29256409328066e-7, 9.45985012726896e-7, 1.224352175758934e-6, 1.5810554389260456e-6, 2.0370750589631195e-6, 2.6187058674580875e-6, 3.358820121521765e-6, 4.298408618739959e-6, 5.488455961888523e-6, 6.992215800966303e-6, 8.887963303939453e-6, 1.1272315172613029e-5, 1.426422238974121e-5, 1.8009757722249623e-5, 2.268783897453867e-5, 2.8517050238425824e-5, 3.5763747061387405e-5, 4.47516576700897e-5, 5.587322122980492e-5, 6.960293564100155e-5, 8.651302157089884e-5, 0.00010729174622671214, 0.00013276478966004797, 0.00016392007792040108, 0.00020193655081759076, 0.0002482173769561828, 0.0003044281744820321, 0.0003725408418941254, 0.00045488364842094346, 0.000554198276758637, 0.0006737045511489234, 0.0008171736193715032, 0.000989010386572393, 0.0011943460200796781, 0.0014391413554123375, 0.001730302032326902, 0.0020758061735724463, 0.002484845385509275, 0.002967979806271875, 0.0035373078510612353, 0.004206651202791509, 0.0049917554671321425, 0.0059105067515861755, 0.006983164236489765, 0.00823260857992148, 0.009684605737143734, 0.011368085477605061, 0.013315433548632821, 0.015562796065461088, 0.01815039430379597, 0.021122847636354754, 0.024529501892467807, 0.02842475993482022, 0.03286841074588429, 0.037925952805971976, 0.04366890703379815, 0.05017511405889738, 0.057529010114249934, 0.0658218753891518, 0.07515204827969943, 0.08562509863092985, 0.09735395279476108, 0.11045896314565873, 0.1250679146154669, 0.14131596084357553, 0.1593454827010732, 0.17930586224892603, 0.2013531656398738, 0.22564972907874398, 0.2523636427207789, 0.28166812831370547, 0.31374080747480665, 0.3487628587334756, 0.38691806285320596, 0.4283917374611519, 0.4733695636406733, 0.5220363088610641, 0.5745744524035918, 0.6311627212650132, 0.6919745463469144, 0.7571764505369376, 0.8269263820196061, 0.9013720077824031, 0.9806489837689907, 1.0648792194384131, 1.1541691555809894, 1.2486080750849382, 1.348266466912597, 1.4531944638059544, 1.5634203741779784, 1.678949328244641, 1.7997620577054319, 1.9258138271874896, 2.057033534237716, 2.193322992893936, 2.3345564138134764, 2.4805800916160226, 2.6312123075451423, 2.7862434528134052, 2.9454363751192942, 3.1085269478639193, 3.275224858609302, 3.445214610366779, 3.618156726443332, 3.7936891468640215, 3.9714288018861645, 4.1509733458773495, 4.331903032891428, 4.513782713684405, 4.696163932697451, 4.878587102720809, 5.060583734554246, 5.241678699000883, 5.421392498966044, 5.599243530265558, 5.774750310953078, 5.94743366051923, 6.116818812154657, 6.282437443354245, 6.443829612416627, 6.6005455908017385, 6.7521475837878135, 6.898211334355063, 7.0383276076538905, 7.172103555731096, 7.299163964331884, 7.419152385518437, 7.531732161503022, 7.636587346449149, 7.7334235340211785, 7.82196859914248, 7.9019733627471425, 7.973212188281892, 8.035483518344693, 8.088610359155608, 8.1324407195732, 8.16684801013355, 8.191731406142692, 8.207016177246691, 8.212653984189798, 8.208623141706575, 8.194928844735376, 8.17160335344491, 8.138706130987059, 8.096323926479155, 8.044570794523525, 7.983588041631766, 7.913544089269491, 7.834634242899545, 7.7470803563953154, 7.651130381529518, 7.547057792916766, 7.435160879791783, 7.3157618973213445, 7.189206071751093, 7.055860455545759, 6.9161126307534575, 6.7703692610669135, 6.61905449541799, 6.462608228374868, 6.301484225059734, 6.1361481207153785, 5.967075307368206, 5.79474872221185, 5.619656554322309, 5.442289888068806, 5.263140303066322, 5.082697451693985, 4.901446636053254, 4.719866406742594, 4.538426205970828, 4.357584077316785, 4.177784463872204, 3.9994561155903243, 3.8230101254229276, 3.648838112288092, 3.4773105671007714, 3.3087753760536094, 3.143556533095171, 2.9819530511595436, 2.8242380791993495, 2.6706582295084043, 2.5214331172362368, 2.3767551114387935, 2.2367892945199492, 2.101673624537267, 1.9715192926091598, 1.8464112656014318, 1.7264090024173708, 1.6115473305902375, 1.501837468497715, 1.3972681773975975, 1.2978070266300568, 1.2034017547458395, 1.113981708999608, 1.0294593455850047, 0.9497317731715607, 0.8746823227174867, 0.804182127157562, 0.7380916953803082, 0.6762624658895638, 0.6185383266669612, 0.56475708898755, 0.5147519042642849, 0.4683526143816894, 0.42538702739916934, 0.3856821119355628, 0.34906510496541854, 0.31536452914320334, 0.28441111710512856, 0.2560386414628505, 0.23008465038493092, 0.20639110974908176, 0.18480495383182705, 0.16517854737598733, 0.14737006263633795, 0.13124377564822978, 0.11667028649343954, 0.10352666875447522, 0.0916965536570921, 0.081070154606558, 0.07154423793306777, 0.06302204568343359, 0.05541317623835489, 0.04863342840621849, 0.04260461445478384, 0.037254347300665784, 0.03251580679247526, 0.02832748970577364, 0.02463294772520041, 0.021380517329253942, 0.01852304512361483, 0.016017611796309367, 0.013825257498366302, 0.011910711092111262, 0.010242125360305951, 0.008790819936638725, 0.007531033404544327, 0.006439685719221832, 0.005496151838625051, 0.004682047204116749, 0.003981025490877631, 0.003378588852034861, 0.002861910708406069, 0.0024196709869842214, 0.0020419035847710253, 0.001719855729030163, 0.0014458588190391442, 0.001213210266411145, 0.0010160657994043542, 0.0008493416596746967, 0.0007086260959986995, 0.000590099546971077, 0.0004904629019998852, 0.0004068732355922427, 0.00033688642255030567, 0.00027840605999070254, 0.0002296381448821804, 0.0001890509820026857, 0.00015533982590197162, 0.00012739579078700403, 0.00010427859350369459, 8.519272635461169e-5, 6.946668785187741e-5, 5.6534930232836904e-5, 4.5922212322409164e-5, 3.72300748447646e-5, 3.0125182369601127e-5, 2.4329301585201613e-5, 1.9610709432822685e-5, 1.5776846769307046e-5, 1.2668053637968126e-5, 1.0152240942379113e-5, 8.12037037824523e-6, 6.482629948267521e-6, 5.165206341019377e-6, 4.107567984512674e-6, 3.2601837819736564e-6, 2.5826124985500495e-6, 2.041906591501106e-6, 1.6112820602677838e-6, 1.2690127315990754e-6, 9.975133798599753e-7, 7.82581300426399e-7, 6.127704861345561e-7, 4.788764789384471e-7, 3.7351335127608154e-7, 2.9076717832217706e-7, 2.2591285170129146e-7, 1.7518321012521247e-7, 1.3558127021488808e-7, 1.0472787381685614e-7, 8.073836404480197e-8, 6.212299431087638e-8, 4.770669198969235e-8, 3.656456666131873e-8, 2.7970194393232982e-8, 2.135424357277268e-8, 1.627145108296915e-8, 1.2374324481444004e-8, 9.392248591337729e-9, 7.114924037396335e-9, 5.379269677976243e-9, 4.059088147373464e-9, 3.056930205093456e-9, 2.2977046471553394e-9, 1.7236706580340708e-9, 1.2905224182086472e-9, 9.64334650177431e-10, 7.191851717207111e-10, 5.353085672901412e-10, 3.976655485129507e-10, 2.9483690005375876e-10, 2.1817028240858132e-10, 1.6112355585383193e-10, 1.1876048686221887e-10, 8.736433844821141e-11, 6.414244570274214e-11, 4.700085385568114e-11, 3.4372783605792013e-11, 2.508835582710019e-11, 1.8275869886788182e-11, 1.3287157933797042e-11, 9.64126777596859e-12, 6.982067282711978e-12, 5.046398953180088e-12, 3.640211645317041e-12, 2.620710357790747e-12, 1.8830358649388233e-12, 1.3503463533630752e-12, 9.66448288521102e-13, 6.903332218958328e-13, 4.921363939729051e-13, 3.5015360188686556e-13, 2.4864399400796723e-13, 1.7621523915337128e-13, 1.2463927855855593e-13, 8.798572594651057e-14, 6.198908281469524e-14, 4.35876803378339e-14, 3.0588468068577146e-14, 2.1423823821118868e-14, 1.4975502709915658e-14, 1.0447463538306101e-14, 7.274199770622266e-15, 5.054804512223176e-15, 3.5056468401752047e-15, 2.4264787828166205e-15, 1.6762131773560367e-15, 1.1556499426699155e-15, 7.951838238991835e-16, 5.460756860852037e-16, 3.7426748513626465e-16, 2.5600898166253937e-16, 1.747720738382948e-16, 1.190782663308997e-16, 8.097230191629905e-17, 5.495204793304161e-17, 3.721984741552739e-17, 2.515987631375956e-17, 1.697405172124614e-17, 1.1428929314637584e-17, 7.680128383137682e-18, 5.150794502114049e-18, 3.447646118338187e-18, 2.3031051126387762e-18, 1.5354913126290448e-18, 1.0217000204852198e-18, 6.784873948907052e-19, 4.496788053124376e-19, 2.974440034718727e-19, 1.9635867565466657e-19, 1.293710078079186e-19, 8.506790425075477e-20, 5.582597628430417e-20, 3.6563575455362086e-20, 2.3900261025092564e-20, 1.55918699932223e-20, 1.0151617833661565e-20, 6.5965024818153145e-21, 4.277928653656504e-21, 2.768819238910508e-21, 1.788532573301003e-21, 1.1530289515333291e-21, 7.418645244599812e-22, 4.763760900591757e-22, 3.0529254166625665e-22, 1.9526447994622371e-22, 1.2464390543688396e-22, 7.940713403225728e-23, 5.048805036470964e-23, 3.203747023862814e-23, 2.0289357760632533e-23, 1.2823860543699097e-23, 8.0892751705124e-24, 5.092613323905132e-24, 3.1997201849957463e-24, 2.006427364020325e-24, 1.2556683923953508e-24, 7.842716188962194e-25, 4.888751820880061e-25, 3.0413708291317066e-25, 1.8883417494071444e-25, 1.1701231936131216e-25, 7.236395507559978e-26, 4.466349036484197e-26, 2.751202909226538e-26, 1.691344698388392e-26, 1.0377222198709786e-26, 6.354326629263345e-27, 3.8832676782798e-27, 2.368451198269421e-27, 1.4416864561688086e-27, 8.758231258844232e-28, 5.310081141140687e-28, 3.2131057037521003e-28, 1.9403850668522504e-28, 1.1694720260903447e-28, 7.034459038589756e-29, 4.222896867159942e-29, 2.5300499662927905e-29, 1.512817449818448e-29, 9.027816183131148e-30, 5.3767221892820135e-30, 3.19588502434051e-30, 1.895847099002579e-30, 1.1224164829268783e-30, 6.631981143721586e-31, 3.910848600065241e-31, 2.301638708505189e-31, 1.3518910280850807e-31, 7.924731526874092e-32, 4.6362380387165424e-32, 2.7069806132947313e-32, 1.577403404683183e-32, 9.173573996112468e-33, 5.324422216527813e-33, 3.084213880983115e-33, 1.7830130780813828e-33, 1.02873275847157e-33, 5.923638804036926e-34, 3.4041797821462157e-34, 1.9524246657835813e-34, 1.1175679094418552e-34, 6.384271681593521e-35, 3.6398757512480086e-35, 2.07109243017598e-35, 1.1761158121304362e-35, 6.665586119863677e-36, 3.770198439041954e-36, 2.128274531478254e-36, 1.1990260629758198e-36, 6.7416639287017156e-37, 3.783058346169974e-37, 2.118636297787265e-37, 1.1841512323719492e-37, 6.605341754652659e-38, 3.677229518548291e-38, 2.0430710615806686e-38, 1.1328788335833196e-38, 6.269323418897106e-39, 3.462542198239037e-39, 1.908563571879471e-39, 1.0499178227631755e-39, 5.764227003440122e-40, 3.158376507013596e-40, 1.727124922123984e-40, 9.425851539507256e-41, 5.13398270884009e-41, 2.790777026303905e-41, 1.5140240606677822e-41, 8.197421836044116e-42, 4.429540029779432e-42, 2.3887834762363662e-42, 1.2856765448588154e-42, 6.90594961055794e-43, 3.702131233324428e-43, 1.980691806405297e-43, 1.0575932313084779e-43, 5.635819219181977e-44, 2.9973126732224255e-44, 1.590902715537546e-44, 8.427363857530798e-45, 4.455294213475955e-45, 2.3507017248273342e-45, 1.2378132572070231e-45, 6.505028041189985e-46, 3.4117690796312932e-46, 1.7858561384551325e-46, 9.329313183998822e-47, 4.863951184633291e-47, 2.530842099975628e-47, 1.3142475453624002e-47, 6.811230146504407e-48, 3.5229799074285885e-48, 1.8185740227446098e-48, 9.368886564335446e-49, 4.817049776330056e-49, 2.4717834424101602e-49, 1.265831241946784e-49, 6.4695978311597e-50, 3.300006667861897e-50, 1.6799191666227615e-50, 8.534890703120814e-51, 4.3275643104810556e-51, 2.189903922173341e-51, 1.1059679294494145e-51, 5.574371698917173e-52, 2.804046491975443e-52, 1.4077008375936632e-52, 7.052959311706192e-53, 3.526697549217692e-53, 1.7599521477271632e-53, 8.765350512810252e-54, 4.3568587244337005e-54, 2.1612918143807847e-54, 1.0700130114925202e-54, 5.286891611803666e-55, 2.6070384220430998e-55, 1.2830102099120139e-55, 6.301565110848735e-56, 3.0888893955213098e-56, 1.511095391573167e-56, 7.377631814986839e-57, 3.594823956815989e-57, 1.748130337225112e-57, 8.484094649109005e-58, 4.1093458433076934e-58, 1.986439555344265e-58, 9.583264387090249e-59, 4.61410017716399e-59, 2.2171546340046636e-59, 1.0632621252344254e-59, 5.088855054408539e-60, 2.4307213521123375e-60, 1.1587389615123147e-60, 5.512788924462084e-61, 2.617534537279304e-61, 1.2403628795201177e-61, 5.865977133183135e-62, 2.7686446459581283e-62, 1.3041552653003174e-62, 6.13093330194942e-63, 2.8764648887802736e-63, 1.3468732843986386e-63, 6.29404086334215e-64, 2.9354015445613095e-64, 1.3662828028536232e-64, 6.346712003964342e-65, 2.9423346785931527e-65, 1.3613519607787366e-65, 6.286136787939175e-66, 2.896891780097821e-66, 1.3323420580757484e-66, 6.115531516897774e-67, 2.8014809174807477e-67, 1.2807846111815427e-67, 5.843855776056339e-68, 2.661079304994243e-68, 1.2093473847082313e-68, 5.48503281290253e-69, 2.4828031193378383e-69, 1.1216057088004559e-69, 5.056767669286346e-70, 2.275310313421482e-70, 1.0217463615508417e-70, 4.57910264475911e-71, 2.0481061269025573e-71, 9.142381055006045e-72, 4.072873764019959e-72, 1.810828555566531e-72, 8.035047679941979e-73, 3.558232369842283e-73, 1.572587660886279e-73, 6.93633589810213e-74, 3.0533743203864154e-74, 1.3414195988079361e-74, 5.881443067204347e-75, 2.5735806623860565e-75, 1.1238964384791974e-75, 4.898345497789881e-76, 2.1306255384162318e-76, 9.249098900277857e-77, 4.0070640602266014e-77, 1.7325576755700853e-77, 7.4762472527238e-78, 3.219690578373836e-78, 1.3838184927897812e-78, 5.935791291064192e-79, 2.5410464269233515e-79, 1.0856280352020359e-79, 4.6289656595129884e-80, 1.9697962833388042e-80, 8.365523068185609e-81, 3.5456781272064656e-81, 1.499822699149156e-81, 6.331621278327064e-82, 2.6676221742442153e-82, 1.1216776746365822e-82, 4.707021573870618e-83, 1.971326884671807e-83, 8.23958676509102e-84, 3.437055429003807e-84, 1.4308758256594138e-84, 5.944997143439831e-85, 2.4651062074886896e-85, 1.0201261709008898e-85, 4.21314494344995e-86, 1.7365734464710238e-86, 7.143550918298595e-87, 2.9327115814541417e-87, 1.201596827130454e-87, 4.9134030244701016e-88, 2.0051191757267507e-88, 8.16642853233427e-89, 3.3193901691020084e-89, 1.3465379315744886e-89, 5.451462382046591e-90, 2.2026301271321316e-90, 8.881866622317829e-91, 3.574382493426954e-91, 1.4355948625840064e-91, 5.75435762793412e-92, 2.30194994004371e-92, 9.190284607529565e-93, 3.6618124468852215e-93, 1.4561203477900377e-93, 5.778730921072988e-94, 2.288767570259715e-94, 9.047006785014106e-95, 3.5689637437023386e-95, 1.405119758437947e-95, 5.521009818077306e-96, 2.1649988079888697e-96, 8.472874166675964e-97, 3.309312609399369e-97, 1.2899674850773451e-97, 5.018265732374074e-98, 1.9483297289581186e-98, 7.549273524815475e-99, 2.9193203557617963e-99, 1.1266583268081158e-99, 4.339468864658584e-100, 1.668071964369851e-100, 6.399217038911508e-101, 2.4500375343492782e-101, 9.361651417189096e-102, 3.569981907770693e-102, 1.3586680890560225e-102, 5.160532727274101e-103, 1.9561830409034155e-103, 7.400451626350366e-104, 2.794092187910644e-104, 1.0528269675064922e-104, 3.959196193043919e-105, 1.4859041286805758e-105, 5.565552576419098e-106, 2.0804606929467478e-106, 7.761478439338682e-107, 2.889768827725008e-107, 1.0737803331426281e-107, 3.9820020231104804e-108, 1.4737410671952045e-108, 5.44345408892998e-109, 2.0066036743280663e-109, 7.382140269726421e-110, 2.7104201983515514e-110, 9.931722812760427e-111, 3.632002840764504e-111, 1.32556608550007e-111, 4.828254959386774e-112, 1.7551433947546248e-112, 6.367494838861688e-113, 2.305463120561202e-113, 8.330696805039731e-114, 3.0042636336233967e-114, 1.0812554437346194e-114, 3.8837576249904114e-115, 1.392225127845295e-115, 4.980814247026723e-116, 1.7783807282029885e-116, 6.336984617911719e-117, 2.25358563595551e-117, 7.998323650465168e-118, 2.833070412003594e-118, 1.0014960518492416e-118, 3.533251767200945e-119, 1.244037266114011e-119, 4.371451349009868e-120, 1.5330324731670571e-120, 5.365503677830086e-121, 1.8741444841571813e-121, 6.533246776349263e-122, 2.2729426096349041e-122, 7.891894723662893e-123, 2.7346861678711205e-123, 9.457298450382818e-124, 3.2640746095159945e-124, 1.1243109335062635e-124, 3.8649702672930787e-125, 1.3259869175101903e-125, 4.54010264956175e-126, 1.5514059344403396e-126, 5.290766076296064e-127, 1.8007150741475445e-127, 6.116525075503674e-128, 2.073470370724401e-128, 7.014944065645759e-129, 2.368557264376997e-129, 7.981359191448992e-130, 2.6841272814608316e-130, 9.008710524229699e-131, 3.01755660837506e-131, 1.0087451997655189e-131, 3.3654317668687774e-132, 1.1205554311507394e-132, 3.7235667122720895e-133, 1.2348612578108548e-133, 4.0870543820114536e-134, 1.350006579491207e-134, 4.450354064893867e-135, 1.464152950327257e-135, 4.80741402327779e-136, 1.5753236548040443e-136, 5.151826694355948e-137, 1.6814574090269525e-137, 5.47701166325805e-138, 1.7804698417833675e-138, 5.776419595262632e-139, 1.8703203149346954e-139, 6.04374859610345e-140, 1.9490811626441694e-140, 6.273163186302499e-141, 2.0150061073114287e-141, 6.459505350890515e-142, 2.0665944802905622e-142, 6.598487045492075e-143, 2.102647957452662e-143, 6.686854141628505e-144, 2.1223168171724733e-144, 6.722513063378395e-145, 2.125133228061292e-145, 6.704613235020613e-146, 2.1110297456956514e-146, 6.63358080609095e-147, 2.08034199721724e-147, 6.511101786744028e-148, 2.0337954046053684e-148, 6.340055525347046e-149, 1.9724766799665834e-149, 6.124402193175247e-150, 1.897791656792463e-150, 5.8690304151839925e-151, 1.8114117417171356e-151, 5.5795732303711e-152, 1.715211833176709e-152, 5.262202046374871e-153, 1.6112029213566836e-153, 4.9234090839188866e-154, 1.5014627387473602e-154, 4.569788954177838e-155, 1.3880677705917537e-155, 4.207829496644867e-156, 1.2730296741626384e-156, 3.843720897322413e-157, 1.1582387244334511e-157, 3.4831905188419768e-158, 1.045416341860679e-158, 3.1313689468639235e-159, 9.360781134143443e-160, 2.7926906477784504e-160, 8.315080411213703e-161, 2.4708304998487987e-161, 7.327440919336833e-162, 2.168675449986269e-162, 6.405745218189084e-163, 1.8883287851617e-163, 5.555439401039016e-164, 1.6311430838397404e-164, 4.779676911527754e-165, 1.3977768863919793e-165, 4.07952871935528e-166, 1.1882695158105124e-166, 3.4542417728479294e-167, 1.0021282791516793e-167, 2.901527611232931e-168, 8.384224456715877e-169, 2.4178640522070688e-169, 6.958788677543205e-170, 1.9987947512128373e-170, 5.7297481026802565e-171, 1.6392139080497373e-171, 4.680244021826477e-172, 1.3336262190394852e-172, 3.7925604223313074e-173, 1.0763750995136693e-173, 3.048790069491375e-174, 8.618350247573214e-175, 2.4313836547983413e-175, 6.845663935760596e-176, 1.923580569756105e-176, 5.394334917328271e-177, 1.5097260405107245e-177, 4.2168785562701924e-178, 1.1754840617710377e-178, 3.2702058759386204e-179, 9.079587900295424e-180, 2.5158796862474917e-180, 6.957388946214234e-181, 1.9201509668834865e-181, 5.288799960847578e-182, 1.453823132043355e-182, 3.988399670270671e-183, 1.091989410589867e-183, 2.98380773454146e-184, 8.136842173472759e-185, 2.214489332878128e-185, 6.014837955888184e-186, 1.6304478196948283e-186, 4.4108522041443593e-187, 1.1908874860475688e-187, 3.2088659631164236e-188, 8.629090744356569e-189, 2.3158536206545404e-189, 6.202828581265512e-190, 1.6580630978413286e-190, 4.423285008732479e-191, 1.1776639587115284e-191, 3.129179171311267e-192, 8.297973794185192e-193, 2.1960704283187823e-193, 5.800334517900939e-194, 1.5289468398467944e-194, 4.022205849044488e-195, 1.0560117710124034e-195, 2.766978463723477e-196, 7.235613291822868e-197, 1.8883281248801036e-197, 4.9182671555440205e-198, 1.2784369228417841e-198, 3.3164925491540543e-199, 8.586403107739268e-200, 2.218584852222934e-200, 5.721018224401147e-201, 1.4723231219058303e-201, 3.781511650567161e-202, 9.693045642586098e-203, 2.4796339452140322e-203, 6.3306366005034705e-204, 1.6130197581854828e-204, 4.101705521694723e-205, 1.0409305400225231e-205, 2.6364012110454273e-206, 6.663980672451522e-207, 1.6810801704015584e-207, 4.232291652624107e-208, 1.0633964644700362e-208, 2.666535032749145e-209, 6.673164470360967e-210, 1.666666910014515e-210, 4.154303697894325e-211, 1.0334277333288968e-211, 2.5656323260334986e-212, 6.35683820995243e-213, 1.5718833941784365e-213, 3.8791084195268096e-214, 9.553795273073409e-215, 2.348293410079797e-215, 5.7605135210825396e-216, 1.4102705911424242e-216, 3.4456892095473274e-217, 8.401989924598463e-218, 2.0446576707499357e-218, 4.965825429581416e-219, 1.2036346410646988e-219, 2.911590495541799e-220, 7.029076793320937e-221, 1.6935524816912554e-221, 4.0722216053029146e-222, 9.772293828098595e-223, 2.3404210437329478e-223, 5.594017660907162e-224, 1.3343999870938894e-224, 3.176732004273275e-225, 7.547575693984974e-226, 1.789644301058976e-226, 4.235047720641421e-227, 1.0001893665738587e-227, 2.357428297211135e-228, 5.545325993303808e-229, 1.3018111860364033e-229, 3.0500098301934346e-230, 7.131597084396814e-231, 1.6641967682344495e-231, 3.8757420248627564e-232, 9.008186279887338e-233, 2.089547074200791e-233, 4.8372581169196885e-234, 1.1175801056076585e-234, 2.576857224540479e-235, 5.929722108349081e-236, 1.3617914793628788e-236, 3.121182529540792e-237, 7.139371840463058e-238, 1.6297954940994263e-238, 3.7131158225958e-239, 8.442598748471216e-240, 1.9157819073679242e-240, 4.338586375519792e-241, 9.805792241616866e-242, 2.211817969706466e-242, 4.979071107550093e-243, 1.1186121275901239e-243, 2.5080891148353704e-244, 5.612271143414056e-245, 1.2533332587229703e-245, 2.7933587704724017e-246, 6.213253949364525e-247, 1.3792523049853335e-247, 3.0556285347803987e-248, 6.755999627873621e-249, 1.4907708599247597e-249, 3.2829509027987637e-250, 7.215228544890597e-251, 1.5825884961780272e-251, 3.464320963602344e-252, 7.568336633327056e-253, 1.650117834933943e-253, 3.590555721436747e-254, 7.797234135579298e-255, 1.689863667869525e-255, 3.655063677679607e-256, 7.889880196390741e-257, 1.6997226006079078e-257, 3.6544150056290034e-258, 7.841332228233931e-259, 1.6791674763036912e-259, 3.5886436843975874e-260, 7.65418277584104e-261, 1.6292940749443582e-261, 3.4612445508357395e-262, 7.338330140536536e-263, 1.5527243309335318e-263, 3.278865625340531e-264, 6.910111008114157e-265, 1.4533779656866443e-265, 3.050733409503953e-266, 6.3909008621689595e-267, 1.3361402170219747e-267, 2.7878802917654914e-268, 5.805349013549388e-269, 1.2064648434588566e-269, 2.5022640062442375e-270, 5.179450714860965e-271, 1.0699571769142685e-271, 2.205876529559701e-272, 4.538664836932211e-273, 9.319811587300618e-274, 1.9099335424144083e-274, 3.906262999992984e-275, 7.9732760794937e-276, 1.6242176261813042e-276, 3.302050634478666e-277, 6.699699554151403e-278, 1.3566224907113413e-278, 2.741541231726871e-279, 5.529204235808318e-280, 1.11291644657126e-280, 2.2356023848127508e-281, 4.48186365691543e-282, 8.967157278493694e-283, 1.7905357667152944e-283, 3.5681514414429434e-284, 7.096359659280452e-285, 1.4085102673730954e-285, 2.790078819243242e-286, 5.515755171775942e-287, 1.0882421435483358e-287, 2.142782783928973e-288, 4.210782428078074e-289, 8.25808784629876e-290, 1.616323306436533e-290, 3.1572502752989904e-291, 6.154911595361171e-292, 1.1974755686784188e-292, 2.3251101582355674e-293, 4.505597922581889e-294, 8.713514473997065e-295, 1.681768846187212e-295, 3.239449909554167e-296, 6.227421359046344e-297, 1.1947505781017002e-297, 2.2875903654610514e-298, 4.3713066915073737e-299, 8.336356978377146e-300, 1.5866214965419525e-300, 3.013716296412952e-301, 5.712989140084441e-302, 1.080827603140364e-302, 2.040710745184984e-303, 3.845372950931143e-304, 7.231484716159754e-305, 1.357214420938483e-305, 2.542151584813632e-306, 4.752109109909685e-307, 8.865502242703157e-308, 1.6506396082298734e-308, 3.06713686184713e-309, 5.6878223297619e-310, 1.05266663742535e-310, 1.9443196446543e-311, 3.584069604613e-312, 6.5935176042e-313, 1.2105698854e-313, 2.218168433e-314, 4.056309955e-315, 7.40286284e-316, 1.3483426e-316, 2.450939e-317, 4.44627e-318, 8.0499e-319, 1.4546e-319, 2.6215e-320, 4.704e-321, 8.5e-322, 1.6e-322, 2.5e-323, 0.0, 0.0, 0.0, 0.0, 0.0, 0.0, 0.0, 0.0, 0.0, 0.0, 0.0, 0.0, 0.0, 0.0, 0.0, 0.0, 0.0, 0.0, 0.0, 0.0, 0.0, 0.0, 0.0, 0.0, 0.0, 0.0, 0.0, 0.0, 0.0, 0.0, 0.0, 0.0, 0.0, 0.0, 0.0, 0.0, 0.0, 0.0, 0.0, 0.0, 0.0, 0.0, 0.0, 0.0, 0.0, 0.0, 0.0, 0.0, 0.0, 0.0, 0.0, 0.0, 0.0, 0.0, 0.0, 0.0, 0.0, 0.0, 0.0, 0.0, 0.0, 0.0, 0.0, 0.0, 0.0, 0.0, 0.0, 0.0, 0.0, 0.0, 0.0, 0.0, 0.0, 0.0, 0.0, 0.0, 0.0, 0.0, 0.0, 0.0, 0.0, 0.0, 0.0, 0.0, 0.0, 0.0, 0.0, 0.0, 0.0, 0.0, 0.0, 0.0, 0.0, 0.0, 0.0, 0.0, 0.0, 0.0, 0.0, 0.0, 0.0, 0.0, 0.0, 0.0, 0.0, 0.0, 0.0, 0.0, 0.0, 0.0, 0.0, 0.0, 0.0, 0.0, 0.0, 0.0, 0.0, 0.0, 0.0, 0.0, 0.0, 0.0, 0.0, 0.0, 0.0, 0.0, 0.0, 0.0, 0.0, 0.0, 0.0, 0.0, 0.0, 0.0, 0.0, 0.0, 0.0, 0.0, 0.0, 0.0, 0.0, 0.0, 0.0, 0.0, 0.0, 0.0, 0.0, 0.0, 0.0, 0.0, 0.0, 0.0, 0.0, 0.0, 0.0, 0.0, 0.0, 0.0, 0.0, 0.0, 0.0, 0.0, 0.0, 0.0, 0.0, 0.0, 0.0, 0.0, 0.0, 0.0, 0.0, 0.0, 0.0, 0.0, 0.0, 0.0, 0.0, 0.0, 0.0, 0.0, 0.0, 0.0, 0.0, 0.0, 0.0, 0.0, 0.0, 0.0, 0.0, 0.0, 0.0, 0.0, 0.0, 0.0, 0.0, 0.0, 0.0, 0.0, 0.0, 0.0, 0.0, 0.0, 0.0, 0.0, 0.0, 0.0, 0.0, 0.0, 0.0, 0.0, 0.0, 0.0, 0.0, 0.0, 0.0, 0.0, 0.0, 0.0, 0.0, 0.0, 0.0, 0.0, 0.0, 0.0, 0.0, 0.0, 0.0, 0.0, 0.0, 0.0, 0.0, 0.0, 0.0, 0.0, 0.0, 0.0, 0.0, 0.0, 0.0, 0.0, 0.0, 0.0, 0.0, 0.0, 0.0, 0.0, 0.0, 0.0, 0.0, 0.0, 0.0, 0.0, 0.0, 0.0, 0.0, 0.0, 0.0, 0.0, 0.0, 0.0, 0.0, 0.0, 0.0, 0.0, 0.0, 0.0, 0.0, 0.0, 0.0, 0.0, 0.0, 0.0, 0.0, 0.0, 0.0, 0.0, 0.0, 0.0, 0.0, 0.0, 0.0, 0.0, 0.0, 0.0, 0.0, 0.0, 0.0, 0.0, 0.0, 0.0, 0.0, 0.0, 0.0, 0.0, 0.0, 0.0, 0.0, 0.0, 0.0, 0.0, 0.0, 0.0, 0.0, 0.0, 0.0, 0.0, 0.0, 0.0, 0.0, 0.0, 0.0, 0.0, 0.0, 0.0, 0.0, 0.0, 0.0, 0.0, 0.0, 0.0, 0.0, 0.0, 0.0, 0.0, 0.0, 0.0, 0.0, 0.0, 0.0, 0.0, 0.0, 0.0, 0.0, 0.0, 0.0, 0.0, 0.0, 0.0, 0.0, 0.0, 0.0, 0.0, 0.0, 0.0, 0.0, 0.0, 0.0, 0.0, 0.0, 0.0, 0.0, 0.0, 0.0, 0.0, 0.0, 0.0, 0.0, 0.0, 0.0, 0.0, 0.0, 0.0, 0.0, 0.0, 0.0, 0.0, 0.0, 0.0, 0.0, 0.0, 0.0, 0.0, 0.0, 0.0, 0.0, 0.0, 0.0, 0.0, 0.0, 0.0, 0.0, 0.0, 0.0, 0.0, 0.0, 0.0, 0.0, 0.0, 0.0, 0.0, 0.0, 0.0, 0.0, 0.0, 0.0, 0.0, 0.0, 0.0, 0.0, 0.0, 0.0, 0.0, 0.0, 0.0, 0.0, 0.0, 0.0, 0.0, 0.0, 0.0, 0.0, 0.0, 0.0, 0.0, 0.0, 0.0, 0.0, 0.0, 0.0, 0.0, 0.0, 0.0, 0.0, 0.0, 0.0, 0.0, 0.0, 0.0, 0.0, 0.0, 0.0, 0.0, 0.0, 0.0, 0.0, 0.0, 0.0, 0.0, 0.0, 0.0, 0.0, 0.0, 0.0, 0.0, 0.0, 0.0, 0.0, 0.0, 0.0, 0.0, 0.0, 0.0, 0.0, 0.0, 0.0, 0.0, 0.0, 0.0, 0.0, 0.0, 0.0, 0.0, 0.0, 0.0, 0.0, 0.0, 0.0, 0.0, 0.0, 0.0, 0.0, 0.0, 0.0, 0.0, 0.0, 0.0, 0.0, 0.0, 0.0, 0.0, 0.0, 0.0, 0.0, 0.0, 0.0, 0.0, 0.0, 0.0, 0.0, 0.0, 0.0, 0.0, 0.0, 0.0, 0.0, 0.0, 0.0, 0.0, 0.0, 0.0, 0.0, 0.0, 0.0, 0.0, 0.0, 0.0, 0.0, 0.0, 0.0, 0.0, 0.0, 0.0, 0.0, 0.0, 0.0, 0.0, 0.0, 0.0, 0.0, 0.0, 0.0, 0.0, 0.0, 0.0, 0.0, 0.0, 0.0, 0.0, 0.0, 0.0, 0.0, 0.0, 0.0, 0.0, 0.0, 0.0, 0.0, 0.0, 0.0, 0.0, 0.0, 0.0, 0.0, 0.0, 0.0, 0.0, 0.0, 0.0, 0.0, 0.0, 0.0, 0.0, 0.0, 0.0, 0.0, 0.0, 0.0, 0.0, 0.0, 0.0, 0.0, 0.0, 0.0, 0.0, 0.0, 0.0, 0.0, 0.0, 0.0, 0.0, 0.0, 0.0, 0.0, 0.0, 0.0, 0.0, 0.0, 0.0, 0.0, 0.0, 0.0, 0.0, 0.0, 0.0, 0.0, 0.0, 0.0, 0.0, 0.0, 0.0, 0.0, 0.0, 0.0, 0.0, 0.0, 0.0, 0.0, 0.0, 0.0, 0.0, 0.0, 0.0, 0.0, 0.0, 0.0, 0.0, 0.0, 0.0, 0.0, 0.0, 0.0, 0.0, 0.0, 0.0, 0.0, 0.0, 0.0, 0.0, 0.0, 0.0, 0.0, 0.0, 0.0, 0.0, 0.0, 0.0, 0.0, 0.0, 0.0, 0.0, 0.0, 0.0, 0.0, 0.0, 0.0, 0.0, 0.0, 0.0, 0.0, 0.0, 0.0, 0.0, 0.0, 0.0, 0.0, 0.0, 0.0, 0.0, 0.0, 0.0, 0.0, 0.0, 0.0, 0.0, 0.0, 0.0, 0.0, 0.0, 0.0, 0.0, 0.0, 0.0, 0.0, 0.0, 0.0, 0.0, 0.0, 0.0, 0.0, 0.0, 0.0, 0.0, 0.0, 0.0, 0.0, 0.0, 0.0, 0.0, 0.0, 0.0, 0.0, 0.0, 0.0, 0.0, 0.0, 0.0, 0.0, 0.0, 0.0, 0.0, 0.0, 0.0, 0.0, 0.0, 0.0, 0.0, 0.0, 0.0, 0.0, 0.0, 0.0, 0.0, 0.0, 0.0, 0.0, 0.0, 0.0, 0.0, 0.0, 0.0, 0.0, 0.0, 0.0, 0.0, 0.0, 0.0, 0.0, 0.0, 0.0, 0.0, 0.0, 0.0, 0.0, 0.0, 0.0, 0.0, 0.0, 0.0, 0.0, 0.0, 0.0, 0.0, 0.0, 0.0, 0.0, 0.0, 0.0, 0.0, 0.0, 0.0, 0.0, 0.0, 0.0, 0.0, 0.0, 0.0, 0.0, 0.0, 0.0, 0.0, 0.0, 0.0, 0.0, 0.0, 0.0, 0.0, 0.0, 0.0, 0.0, 0.0, 0.0, 0.0, 0.0, 0.0, 0.0, 0.0, 0.0, 0.0, 0.0, 0.0, 0.0, 0.0, 0.0, 0.0, 0.0, 0.0, 0.0, 0.0, 0.0, 0.0, 0.0, 0.0, 0.0, 0.0, 0.0, 0.0, 0.0, 0.0, 0.0, 0.0, 0.0, 0.0, 0.0, 0.0, 0.0, 0.0, 0.0, 0.0, 0.0, 0.0, 0.0, 0.0, 0.0, 0.0, 0.0, 0.0, 0.0, 0.0, 0.0, 0.0, 0.0, 0.0, 0.0, 0.0, 0.0, 0.0, 0.0, 0.0, 0.0, 0.0, 0.0, 0.0, 0.0, 0.0, 0.0, 0.0, 0.0, 0.0, 0.0, 0.0, 0.0, 0.0, 0.0, 0.0, 0.0, 0.0, 0.0, 0.0, 0.0, 0.0, 0.0, 0.0, 0.0, 0.0, 0.0, 0.0, 0.0, 0.0, 0.0, 0.0, 0.0, 0.0, 0.0, 0.0, 0.0, 0.0, 0.0, 0.0, 0.0, 0.0, 0.0, 0.0, 0.0, 0.0, 0.0, 0.0, 0.0, 0.0, 0.0, 0.0, 0.0, 0.0, 0.0, 0.0, 0.0, 0.0, 0.0, 0.0, 0.0, 0.0, 0.0, 0.0, 0.0, 0.0, 0.0, 0.0, 0.0, 0.0, 0.0, 0.0, 0.0, 0.0, 0.0, 0.0, 0.0, 0.0, 0.0, 0.0, 0.0, 0.0, 0.0, 0.0, 0.0, 0.0, 0.0, 0.0, 0.0, 0.0, 0.0, 0.0, 0.0, 0.0, 0.0, 0.0, 0.0, 0.0, 0.0, 0.0, 0.0, 0.0, 0.0, 0.0, 0.0, 0.0, 0.0, 0.0, 0.0, 0.0, 0.0, 0.0, 0.0, 0.0, 0.0, 0.0, 0.0, 0.0, 0.0, 0.0, 0.0, 0.0, 0.0, 0.0, 0.0, 0.0, 0.0, 0.0, 0.0, 0.0, 0.0, 0.0, 0.0, 0.0, 0.0, 0.0, 0.0, 0.0, 0.0, 0.0, 0.0, 0.0, 0.0, 0.0, 0.0, 0.0, 0.0, 0.0, 0.0, 0.0, 0.0]
------------------------ 
------------------------ 
NUMBER OF COMOVING DISTANCE POINTS: 96
------------------------ 
COMOVING DISTANCES AND CORRESPONDING REDSHIFTS
Array of comoving distances x_array has dimensions: (96,)
MIN = 26.0 || MAX = 7000.0 
Array of redshifts z_range has dimensions: (96,)
MIN = 0.005829802271562456 || MAX = 3.5484647664654276 
------------------------ 
------------------------ 
BIAS ARRAY
Array of bias values b_z_array has dimensions: (96,)
MIN = 1.0029106651499735 || MAX = 2.132713006118129 
------------------------ 
GROWTH FACTOR ARRAY
Array of growth factor values D_z_array has dimensions: (96,)
MIN = 0.2777909609205806 || MAX = 0.996927139848262 
------------------------ 
Array of redshifts: z_range has dimensions: (96,) || z_array has dimensions: (2000,)
------------------------ 
Number of tomographic bins: 10
Size of n(z) array nz: (96, 10)
------------------------ 
Number of tomographic bins n_bins: 10
Size of n(z) array nz: (96, 10)
Size of prefactor array (chi^2 * b(z) * D(z)): (96,)
Size of kernel_composed array: (96, 10)
The prefactor array is the product of chi^2, b(z), and D(z) evaluated at the redshifts corresponding to the comoving distances in x_array.
Size of array z_range: (96,)
Size of array x_array: (96,)
Size of array b_z_array: (96,)
Size of array growth_array: (96,)
Size of array nz: (96, 10)
------------------------ 
INPUT PARAMETERS 
MIN COMOVING DISTANCE = 26, MAX COMOVING DISTANCE = 7000, 
NUMBER OF COMOVING DISTANCE POINTS = 96, 
NUMBER OF RATIOS R = 48, 
MIN RATIO Rmin = 0.03271908282177627, MAX RATIO Rmax = 1.0, 
MIN WAVENUMBER kmin = 0.00035714285714285714, MAX WAVENUMBER kmax = 15.384615384615385, 
NUMBER OF CHEBYSHEV NODES = 119, 
NUMBER OF INTEGRATION POINTS = 32769, 
EXPONENT β = -2 for shear-shear, 0 for galaxy-shear and 2 for galaxy-galaxy 
------------------------ 
REDSHIFT GRIDMIN REDSHIFT = 0.005829802271562456, MAX REDSHIFT = 3.5484647664654276, 
Dimension of z_nodes = 119 
Dimension of t_nodes = 119 
MIN Chebyshev node in z: 3.5484647664654276, MAX Chebyshev node in z: 0.005829802271562456 
MIN Chebyshev node in t: 1.0, MAX Chebyshev node in t: -1.0 
------------------------
CHEBYSHEV DECOMPOSITION OF WINDOW KERNEL K(z)
K(z) = chi^2(z) * b(z) * D(z) * n(z)
Number of Chebyshev nodes n_cheb = 119
Chebyshev nodes in t: t_nodes has dimension (119,)
MIN t = -1.0 || MAX t = 1.0
Chebyshev nodes in z: z_nodes has dimension (119,)
MIN z = 0.005829802271562456 || MAX z = 3.5484647664654276
K_vals shape (n_cheb × n_bins) = (119, 10)
cheb_coeff_K shape (n_bins × n_cheb) = (10, 119)
MIN coeff = -4.3382109023014875e6 || MAX coeff = 3.97557638090383e6
------------------------
------------------------
CHEBYSHEV DECOMPOSITION OF WINDOW KERNEL K(z)
K(z) = chi^2(z) * b(z) * D(z) * n(z)
Number of Chebyshev nodes n_cheb = 119
Chebyshev nodes in t: t_nodes has dimension (119,)
MIN t = -1.0 || MAX t = 1.0
Chebyshev nodes in z: z_nodes has dimension (119,)
MIN z = 0.005829802271562456 || MAX z = 3.5484647664654276
K_vals shape (n_cheb × n_bins) = (120, 10)
cheb_coeff_K shape (n_bins × n_cheb) = (10, 120)
MIN coeff = -4.368808379093493e6 || MAX coeff = 3.961310004732079e6
------------------------
------------------------
CHEBYSHEV DECOMPOSITION OF WINDOW KERNEL K(z)
K(z) = chi^2(z) * b(z) * D(z) * n(z)
Number of Chebyshev nodes n_cheb = 119
Chebyshev nodes in t: t_nodes has dimension (119,)
MIN t = -1.0 || MAX t = 1.0
Chebyshev nodes in z: z_nodes has dimension (119,)
MIN z = 0.005829802271562456 || MAX z = 3.5484647664654276
K_vals shape (n_cheb × n_bins) = (119, 10)
cheb_coeff_K shape (n_bins × n_cheb) = (10, 119)
MIN coeff = -4.3382109023014875e6 || MAX coeff = 3.97557638090383e6
------------------------
------------------------ 
INPUT PARAMETERS 
MIN COMOVING DISTANCE = 26, MAX COMOVING DISTANCE = 7000, 
NUMBER OF COMOVING DISTANCE POINTS = 96, 
NUMBER OF RATIOS R = 48, 
MIN RATIO Rmin = 0.03271908282177627, MAX RATIO Rmax = 1.0, 
MIN WAVENUMBER kmin = 0.00035714285714285714, MAX WAVENUMBER kmax = 15.384615384615385, 
NUMBER OF CHEBYSHEV NODES = 70, 
NUMBER OF INTEGRATION POINTS = 32769, 
EXPONENT β = -2 for shear-shear, 0 for galaxy-shear and 2 for galaxy-galaxy 
------------------------ 
REDSHIFT GRIDMIN REDSHIFT = 0.005829802271562456, MAX REDSHIFT = 3.5484647664654276, 
Dimension of z_nodes = 70 
Dimension of t_nodes = 70 
MIN Chebyshev node in z: 3.5484647664654276, MAX Chebyshev node in z: 0.005829802271562456 
MIN Chebyshev node in t: 1.0, MAX Chebyshev node in t: -1.0 
------------------------
CHEBYSHEV DECOMPOSITION OF WINDOW KERNEL K(z)
K(z) = chi^2(z) * b(z) * D(z) * n(z)
Number of Chebyshev nodes n_cheb = 70
Chebyshev nodes in t: t_nodes has dimension (70,)
MIN t = -1.0 || MAX t = 1.0
Chebyshev nodes in z: z_nodes has dimension (70,)
MIN z = 0.005829802271562456 || MAX z = 3.5484647664654276
K_vals shape (n_cheb × n_bins) = (70, 10)
cheb_coeff_K shape (n_bins × n_cheb) = (10, 70)
MIN coeff = -4.321409346599679e6 || MAX coeff = 3.9597322674846617e6
------------------------
