Beyond BLAST Run Parameters
==========================
Timestamp: 20260515_153634

ℓ array length: 22
n_chi: 3
x_min: 26
x_max: 7000
nR: 2
kmax: 15.384615384615385
kmin: 0.00035714285714285714
n_cheb: 30
β: 2
k': [15.38461538461538, 14.941465788434476, 13.691529323513016, 11.84891554531402, 9.699757842320986, 7.527506060277936, 5.5533577900773095, 3.90770509384744, 2.6328237114884585, 1.7058256624791814, 1.067887430441056, 0.6492663083457071, 0.38547346374975583, 0.2247610896985974, 0.1294701177951385, 0.07412493166611017, 0.0424384065456671, 0.024445981739426373, 0.01425391372224899, 0.008462637632476537, 0.005145210382555182, 0.0032210240561863705, 0.0020869249507781138, 0.0014060696399931555, 0.0009894023944077635, 0.0007299237556910879, 0.0005664580068723395, 0.00046371378659023726, 0.0004013069223077629, 0.00036773537297515597, 0.000357142857142857]
k'': [15.38461538461538, 14.941465788434476, 13.691529323513016, 11.84891554531402, 9.699757842320986, 7.527506060277936, 5.5533577900773095, 3.90770509384744, 2.6328237114884585, 1.7058256624791814, 1.067887430441056, 0.6492663083457071, 0.38547346374975583, 0.2247610896985974, 0.1294701177951385, 0.07412493166611017, 0.0424384065456671, 0.024445981739426373, 0.01425391372224899, 0.008462637632476537, 0.005145210382555182, 0.0032210240561863705, 0.0020869249507781138, 0.0014060696399931555, 0.0009894023944077635, 0.0007299237556910879, 0.0005664580068723395, 0.00046371378659023726, 0.0004013069223077629, 0.00036773537297515597, 0.000357142857142857]
N: 1025

Computation Time:
================
T̃ computation time: 12.899928458 seconds (0.21499880763333332 minutes)
