Beyond BLAST Run Parameters
==========================
Timestamp: 20260515_153831

ℓ array length: 22
n_chi: 10
x_min: 26
x_max: 7000
nR: 5
kmax: 15.384615384615385
kmin: 0.00035714285714285714
n_cheb: 60
β: 2
k': [15.38461538461538, 15.272534249146538, 14.941465788434476, 14.40651787226835, 13.691529323513016, 12.827222094848961, 11.84891554531402, 10.794048520970305, 9.699757842320986, 8.600732212453176, 7.527506060277936, 6.505289264284536, 5.5533577900773095, 4.68496739409171, 3.90770509384744, 3.22416473579988, 2.6328237114884585, 2.1290048042647958, 1.7058256624791814, 1.3550632895583916, 1.067887430441056, 0.8354410943825746, 0.6492663083457071, 0.5015874791307742, 0.38547346374975583, 0.29490334370610605, 0.2247610896985974, 0.170782001605098, 0.1294701177951385, 0.09800158941844084, 0.07412493166611017, 0.056065473296003525, 0.0424384065456671, 0.03217262617175861, 0.024445981739426373, 0.01863154695180803, 0.01425391372224899, 0.01095423176038445, 0.008462637632476537, 0.0065767718770958356, 0.005145210382555182, 0.004054796212726074, 0.0032210240561863705, 0.00258078585989988, 0.0020869249507781138, 0.0017041640067260318, 0.0014060696399931555, 0.0011727948206074394, 0.0009894023944077635, 0.0008446212414675448, 0.0007299237556910879, 0.0006388415961317664, 0.0005664580068723395, 0.0005090310168451577, 0.00046371378659023726, 0.0004283472644253909, 0.0004013069223077629, 0.00038139025288561073, 0.00036773537297515597, 0.00035976383518750523, 0.000357142857142857]
k'': [15.38461538461538, 15.272534249146538, 14.941465788434476, 14.40651787226835, 13.691529323513016, 12.827222094848961, 11.84891554531402, 10.794048520970305, 9.699757842320986, 8.600732212453176, 7.527506060277936, 6.505289264284536, 5.5533577900773095, 4.68496739409171, 3.90770509384744, 3.22416473579988, 2.6328237114884585, 2.1290048042647958, 1.7058256624791814, 1.3550632895583916, 1.067887430441056, 0.8354410943825746, 0.6492663083457071, 0.5015874791307742, 0.38547346374975583, 0.29490334370610605, 0.2247610896985974, 0.170782001605098, 0.1294701177951385, 0.09800158941844084, 0.07412493166611017, 0.056065473296003525, 0.0424384065456671, 0.03217262617175861, 0.024445981739426373, 0.01863154695180803, 0.01425391372224899, 0.01095423176038445, 0.008462637632476537, 0.0065767718770958356, 0.005145210382555182, 0.004054796212726074, 0.0032210240561863705, 0.00258078585989988, 0.0020869249507781138, 0.0017041640067260318, 0.0014060696399931555, 0.0011727948206074394, 0.0009894023944077635, 0.0008446212414675448, 0.0007299237556910879, 0.0006388415961317664, 0.0005664580068723395, 0.0005090310168451577, 0.00046371378659023726, 0.0004283472644253909, 0.0004013069223077629, 0.00038139025288561073, 0.00036773537297515597, 0.00035976383518750523, 0.000357142857142857]
N: 1025
